1,Cherries,100,0.80,0.71,0.75,0.40,20,0.80,10,0.85,0.90,0.79,0.50,6,5,30,60,"[7, 20, 7, 20, 5, 20, 5, 100]"
2,Strawberry,300,0.90,0.79,0.85,0.45,30,0.90,15,0.95,0.95,0.83,0.55,5,5,0,50,"[7, 20, 7, 20, 5, 1033, 1.0/60.0, 100]"
3,Peach,500,0.90,0.79,0.85,0.45,40,0.90,20,0.95,0.95,0.83,0.55,4,5,0,0,"[7, 20, 7, 20, 5, 1033, 1.0/60.0, 100]"
4,Peach,500,0.90,0.79,0.85,0.45,40,0.90,20,0.95,0.95,0.83,0.55,3,5,0,0,"[7, 20, 7, 20, 5, 1033, 1.0/60.0, 100]"
5,Apple,700,1.0,0.87,0.95,0.50,40,1.0,20,1.05,1.0,0.87,0.60,2,5,0,0,"[5, 20, 5, 20, 5, 1037, 1.0/60.0, 100]"
6,Apple,700,1.0,0.87,0.95,0.50,50,1.0,25,1.05,1.0,0.87,0.60,5,5,0,0,"[5, 20, 5, 20, 5, 1037, 1.0/60.0, 100]"
7,Grapes,1000,1.0,0.87,0.95,0.50,50,1.0,25,1.05,1.0,0.87,0.60,2,5,0,0,"[5, 20, 5, 20, 5, 1037, 1.0/60.0, 100]"
8,Grapes,1000,1.0,0.87,0.95,0.50,50,1.0,25,1.05,1.0,0.87,0.60,2,5,0,0,"[5, 20, 5, 20, 5, 1037, 1.0/60.0, 100]"
9,Galaxian,2000,1.0,0.87,0.95,0.50,60,1.0,30,1.05,1.0,0.87,0.60,1,3,0,0,"[5, 20, 5, 20, 5, 1037, 1.0/60.0, 100]"
10,Galaxian,2000,1.0,0.87,0.95,0.50,60,1.0,30,1.05,1.0,0.87,0.60,5,5,0,0,"[5, 20, 5, 20, 5, 1037, 1.0/60.0, 100]"
11,Bell,3000,1.0,0.87,0.95,0.50,60,1.0,30,1.05,1.0,0.87,0.60,2,5,0,0,"[5, 20, 5, 20, 5, 1037, 1.0/60.0, 100]"
12,Bell,3000,1.0,0.87,0.95,0.50,80,1.0,40,1.05,1.0,0.87,0.60,1,3,0,0,"[5, 20, 5, 20, 5, 1037, 1.0/60.0, 100]"
13,Key,5000,1.0,0.87,0.95,0.50,80,1.0,40,1.05,1.0,0.87,0.60,1,3,0,0,"[5, 20, 5, 20, 5, 1037, 1.0/60.0, 100]"
14,Key,5000,1.0,0.87,0.95,0.50,80,1.0,40,1.05,1.0,0.87,0.60,3,5,0,0,"[5, 20, 5, 20, 5, 1037, 1.0/60.0, 100]"
15,Key,5000,1.0,0.87,0.95,0.50,100,1.0,50,1.05,1.0,0.87,0.60,1,3,0,0,"[5, 20, 5, 20, 5, 1037, 1.0/60.0, 100]"
16,Key,5000,1.0,0.87,0.95,0.50,100,1.0,50,1.05,1.0,0.87,0.60,1,3,0,0,"[5, 20, 5, 20, 5, 1037, 1.0/60.0, 100]"
17,Key,5000,1.0,0.87,0.95,0.50,100,1.0,50,1.05,1.0,0.87,0.60,1,3,0,0,"[5, 20, 5, 20, 5, 1037, 1.0/60.0, 100]"
18,Key,5000,1.0,0.87,0.95,0.50,100,1.0,50,1.05,1.0,0.87,0.60,1,3,0,0,"[5, 20, 5, 20, 5, 1037, 1.0/60.0, 100]"
19,Key,5000,1.0,0.87,0.95,0.50,120,1.0,60,1.05,1.0,0.87,0.60,1,3,0,0,"[5, 20, 5, 20, 5, 1037, 1.0/60.0, 100]"
20,Key,5000,1.0,0.87,0.95,0.50,120,1.0,60,1.05,1.0,0.87,0.60,1,3,0,0,"[5, 20, 5, 20, 5, 1037, 1.0/60.0, 100]"
21+,Key,5000,0.90,0.79,0.95,0.50,120,1.0,60,1.05,1.0,0.87,0.60,1,3,0,0,"[5, 20, 5, 20, 5, 1037, 1.0/60.0, 100]"
